893.3076923076923
919.125
924.3333333333334
968.1428571428571
968.2727272727273
632.875
825.2857142857143
1259.5714285714287
1001.7692307692307
752.0526315789474
629.5714285714286
1016.0
784.75
785.6666666666666
918.1428571428571
665.1666666666666
899.4615384615385
443.85714285714283
839.5714285714286
658.1428571428571
848.8571428571429
999.1818181818181
811.5263157894736
503.0
1461.875
1224.7272727272727
1480.6666666666667
841.0
636.4545454545455
593.7272727272727
953.5
731.0
981.0
622.7647058823529
716.4545454545455
1031.0
826.3333333333334
951.7692307692307
541.0
378.0
694.0
713.1428571428571
756.5555555555555
1191.0
1190.6
637.0
704.3333333333334
966.0
1157.6666666666667
756.0
1114.625
387.25
724.3333333333334
1032.25
598.1428571428571
682.8181818181819
1214.0
634.8461538461538
823.0
969.3333333333334
665.0
787.9230769230769
792.8181818181819
890.0909090909091
919.4615384615385
851.9090909090909
722.1111111111111
743.5
1189.5714285714287
662.0
1104.6363636363637
525.4444444444445
954.3333333333334
828.6923076923077
866.0
714.0
815.6153846153846
1123.5
815.1666666666666
1222.4285714285713
1105.090909090909
766.0
983.5
755.7058823529412
758.2727272727273
794.0
425.0
683.7272727272727
709.5714285714286
639.5714285714286
603.7272727272727
1016.8333333333334
1113.5
1361.0
1578.7
1030.7142857142858
1206.5555555555557
1239.888888888889
1438.142857142857
917.3636363636364
1077.0
523.1428571428571
1065.4545454545455
524.0769230769231
650.6666666666666
681.5882352941177
573.5
915.0
889.8888888888889
1001.0
693.8571428571429
811.0
516.0
991.8461538461538
773.2222222222222
853.0
894.0
631.0
831.0
518.1428571428571
844.75
866.0
522.25
744.3333333333334
1069.1818181818182
1031.0
953.0
848.0
1063.857142857143
671.0
401.0
580.0
759.5714285714286
799.75
561.0
948.7777777777778
872.6666666666666
833.7272727272727
724.75
786.7142857142857
431.0
841.0
1675.0
821.0
869.0
855.125
699.5714285714286
613.2222222222222
2031.0
599.1818181818181
681.0
620.0909090909091
591.0
371.0
359.57142857142856
817.6666666666666
661.0
731.9090909090909
931.0
1066.0
798.5
326.7142857142857
497.25
435.85714285714283
787.25
525.5
796.0
1398.0
1327.75
686.0
960.75
1061.8
481.0
853.5
591.0
1592.111111111111
683.5
729.75
3029.0
529.5714285714286
331.0
658.5
672.6666666666666
751.0
516.0
0
631.0
161.0
941.0
454.3333333333333
436.0
521.0
476.0
934.3333333333334
632.6666666666666
684.3333333333334
933.5
535.0
357.0
531.0
473.5
1380.6666666666667
841.0
754.3333333333334
651.0
681.0
664.3333333333334
166.0
61.0
431.0
536.5
341.0
321.0
462.6666666666667
761.0
551.0
321.0
262.5
1366.0
414.3333333333333
451.0
248.5
514.3333333333334
275.0
876.0
561.0
361.0
386.0
874.3333333333334
166.0
721.0
0
488.5
563.8571428571429
0
501.0
483.5
526.0
1051.0
1621.0
548.5
2201.0
397.6666666666667
291.0
705.0
614.3333333333334
661.0
0
456.0
523.5
745.2857142857143
581.0
421.0
751.0
0
726.5
418.5
376.0
401.0
146.0
0
374.3333333333333
0
0
0
453.5
674.3333333333334
651.0
781.0
701.0
244.33333333333334
291.0
166.0
551.0
474.3333333333333
487.6666666666667
381.0
676.0
436.0
391.0
871.0
171.0
371.0
151.0
451.0
227.66666666666666
266.0
594.3333333333334
391.0
511.0
486.0
841.0
981.0
436.0
331.0
391.0
666.0
351.0
0
151.0
371.0
961.0
424.3333333333333
446.0
0
196.0
354.3333333333333
321.0
51.0
841.3333333333334
446.0
457.6666666666667
301.0
171.0
1171.5
251.0
426.0
281.0
331.0
241.0
441.0
461.0
0
681.75
441.0
371.0
387.0
681.0
571.0
396.0
0
334.3333333333333
416.0
331.0
0
565.0
0
381.0
291.0
0
621.0
271.0
196.0
1256.6666666666667
631.0
0
151.0
516.0
0
521.0
0
315.0
221.0
621.0
323.5
606.0
301.0
221.0
401.0
204.33333333333334
501.0
0
256.0
0
451.0
281.0
581.0
316.0
261.0
0
0
0
471.0
341.0
0
0
0
491.0
0
671.0
0
891.0
436.0
221.0
201.0
171.0
341.0
0
561.0
0
0
441.0
571.0
386.0
221.0
371.0
406.0
671.0
0
414.3333333333333
537.6666666666666
461.0
206.0
481.0
591.0
0
501.0
147.66666666666666
0
211.0
0
0
0
571.0
0
361.0
471.0
211.0
407.6666666666667
0
440.0
486.7142857142857
352.8181818181818
287.0
456.8333333333333
580.2
411.0
474.6363636363636
483.35714285714283
346.55555555555554
395.0
268.5
1074.8
601.1
515.7
838.5
318.14285714285717
428.5
360.1666666666667
616.7142857142857
447.6666666666667
629.0
265.2857142857143
348.27272727272725
561.0
452.8
451.0
378.14285714285717
1482.4444444444443
381.8
236.0
431.0
325.0
304.3333333333333
369.0
641.0
429.0
427.6666666666667
250.57142857142858
309.7
343.42857142857144
362.5
336.4
1085.2142857142858
733.8
1667.25
300.0
727.1428571428571
521.0
474.25
231.0
420.8
292.6666666666667
657.125
2332.0
1505.0
2344.6666666666665
691.0
187.66666666666666
1671.0
161.0
375.5
216.0
2045.0
1598.2
2654.25
241.0
231.0
0
241.0
141.0
216.0
1341.3333333333333
0
277.6666666666667
456.0
0
241.0
461.0
0
0
83.5
377.6666666666667
0
803.5
871.0
591.5
411.0
41.0
0
831.0
0
41.0
407.6666666666667
341.0
151.0
0
71.0
201.0
176.0
0
0
221.0
0
216.0
81.0
164.33333333333334
181.0
1664.75
0
0
151.0
106.0
271.0
281.0
0
0
371.0
831.0
0
501.0
0
0
0
0
344.0
351.0
201.0
0
151.0
291.0
131.0
151.0
0
0
211.0
661.0
605.5
501.0
518.0
632.5
0
61.0
2421.0
0
869.5
0
501.0
691.0
0
846.0
221.0
0
528.3333333333334
261.0
111.0
0
0
364.3333333333333
0
0
0
0
0
0
0
0
0
0
831.0
0
0
0
0
0
0
0
0
0
0
0
0
0
0
0
0
0
0
0
0
0
0
0
0
0
0
0
0
0
0
0
0
0
0
0
0
0
0
0
0
0
0
0
0
0
0
0
0
0
0
0
0
0
0
0
0
0
0
0
0
0
0
0
0
0
0
0
0
0
0
0
0
0
0
0
0
0
0
0
0
0
0
0
0
0
0
0
0
0
0
0
0
0
0
0
0
0
0
0
0
0
0
0
0
0
0
0
0
0
0
0
0
0
0
0
0
0
0
0
0
0
0
0
0
0
0
0
0
0
0
0
0
0
0
0
0
0
0
0
0
0
0
0
0
0
0
0
0
0
0
0
0
0
0
0
0
0
0
0
0
0
0
0
0
0
0
0
0
0
0
0
0
0
0
0
0
0
0
0
0
0
0
0
0
0
0
0
0
0
0
0
0
0
0
0
0
0
0
0
0
0
0
0
0
0
0
0
0
0
0
0
0
0
0
0
0
0
0
0
0
0
0
0
0
0
0
0
0
0
0
0
0
0
0
0
0
0
0
0
0
0
0
0
0
0
0
0
0
0
0
0
0
0
0
0
0
0
0
0
0
0
0
0
0
0
0
0
0
0
0
0
0
0
0
0
0
0
0
0
0
0
0
0
0
0
0
0
0
0
0
0
0
0
0
0
0
0
0
0
0
0
0
0
0
0
0
0
0
0
0
0
0
0
0
0
0
0
0
0
0
0
0
0
0
0
0
0
0
0
0
0
0
0
0
0
0
0
0
0
0
0
0
0
0
0
0
0
0
0
0
0
0
0
0
0
0
0
0
0
0
0
0
0
0
0
0
0
0
0
0
0
0
0
0
0
0
0
0
0
0
0
0
0
0
0
0
0
0
0
0
0
0
0
0
0
0
0
0
0
0
0
0
0
0
0
0
0
0
0
0
0
0
0
0
0
0
0
0
0
0
0
0
0
0
0
0
0
0
0
0
0
0
0
0
0
0
0
0
0
0
0
0
0
0
0
0
0
0
0
0
0
0
0
0
0
0
0
0
0
0
0
0
0
0
0
0
0
0
0
0
0
0
0
0
0
0
0
0
0
0
0
0
0
0
0
0
0
0
0
0
0
0
0
0
0
0
0
0
0
0
0
0
0
0
0
0
0
0
0
0
0
0
0
0
0
0
0
0
0
0
0
0
0
0
0
0
0
0
0
0
0
0
0
0
0
0
0
0
0
0
0
0
0
0
0
0
0
0
0
0
0
0
0
0
0
0
0
0
0
0
0
0
0
0
0
0
0
0
0
0
0
0
0
0
0
0
0
0
0
0
0
0
0
0
0
0
0
0
0
0
0
0
0
0
0
0
0
0
0
0
0
0
0
0
0
0
0
0
0
0
0
0
0
0
0
0
0
0
0
0
0
0
0
0
0
0
0
0
0
0
0
0
0
0
0
0
0
0
0
0
0
0
0
0
0
0
0
0
0
0
0
0
0
0
0
0
0
0
0
0
0
0
0
0
0
0
0
0
0
0
0
0
0
0
0
0
0
0
0
0
0
0
0
0
0
0
0
0
0
0
0
0
0
0
0
0
0
0
0
0
0
0
0
0
0
0
0
0
0
0
0
0
0
0
0
0
0
0
0
0
0
0
0
0
0
0
0
0
0
0
0
0
0
0
0
0
0
0
0
0
0
0
0
0
0
0
0
0
0
0
0
0
0
0
0
0
0
0
0
0
0
0
0
0
0
0
0
0
0
0
0
0
0
0
0
0
0
0
0
0
0
0
0
0
0
0
0
0
0
0
0
0
0
0
0
0
0
0
0
0
0
0
0
0
0
0
0
0
0
0
0
0
0
0
0
0
0
0
0
0
0
0
0
0
0
0
0
0
0
0
0
0
0
0
0
0
0
0
0
0
0
0
0
0
0
0
0
0
0
0
