0
0
0
107.0
0
0
190.0
274.0
267.6666666666667
339.1666666666667
353.6666666666667
289.5
148.5
455.3333333333333
738.5
508.42857142857144
616.5
606.25
554.3636363636364
494.0833333333333
622.5555555555555
816.8
744.6
646.625
810.0
725.1111111111111
702.0
848.7142857142857
856.3
736.8333333333334
942.0
432.7142857142857
1004.8125
686.6363636363636
1114.625
633.9090909090909
651.7272727272727
632.8333333333334
526.8888888888889
1123.9
915.9375
809.3846153846154
1282.3333333333333
1028.6666666666667
662.6666666666666
1037.111111111111
1245.3
887.2222222222222
584.6666666666666
872.2222222222222
1109.090909090909
1090.0
1319.0
822.0714285714286
0
1030.6666666666667
802.7142857142857
692.4285714285714
668.8571428571429
1135.3333333333333
1040.8666666666666
760.7
837.5714285714286
830.8888888888889
875.5
692.8181818181819
551.2
904.8
838.4285714285714
693.9333333333333
