0.000
0.000
0.000
0.000
0.000
0.000
0.000
0.000
0.000
0.000
0.000
0.000
0.000
0.000
0.000
0.000
1.950
9.750
22.750
40.950
64.350
92.950
126.750
165.750
209.950
259.350
313.950
373.750
438.750
506.060
572.720
639.380
706.040
772.700
839.360
906.020
967.880
1024.940
1077.200
1128.410
1176.070
1218.930
1256.990
1290.250
1318.710
1342.370
1361.230
1361.230
1361.230
1361.230
1361.230
1361.230
1361.230
1361.230
1361.230
1361.230
1361.230
1361.230
1361.230
1361.230
1361.230
1361.230
1385.290
1414.550
1449.010
1488.670
1533.530
1583.590
1638.850
1699.310
1764.970
1832.280
1898.940
1965.600
2032.260
2098.920
2165.580
2232.240
2298.900
2365.560
2430.420
2489.880
2544.540
2594.400
2639.460
2679.720
2715.180
2745.840
2771.700
2792.760
2809.020
2820.480
2827.140
2832.420
2832.420
2832.420
2832.420
2832.420
2832.420
2832.420
2832.420
2832.420
2832.420
2832.420
2832.420
2832.420
2832.420
2832.420
2839.000
2856.060
2878.320
2905.780
2938.440
2976.300
3019.360
3067.620
3121.080
3179.740
3243.600
3311.460
3378.120
3444.780
3511.440
3578.100
3644.760
3711.420
3778.080
3844.740
3909.600
3969.060
4023.720
4073.580
4118.640
4158.900
4194.360
4225.020
4257.130
4283.190
4304.450
4320.910
4327.340
4327.340
4327.340
4327.340
4327.340
4327.340
4327.340
4327.340
4327.340
4327.340
