0.000
0.000
0.000
0.000
0.000
0.000
0.000
0.000
0.000
0.000
0.000
2.250
11.250
26.250
47.250
74.250
107.250
146.250
190.970
235.410
279.850
324.290
368.730
413.170
457.610
502.050
546.490
590.930
635.370
679.810
724.250
768.690
813.130
857.570
902.010
946.450
990.890
1035.330
1079.770
1124.210
1168.650
1213.090
1257.530
1301.970
1346.410
1390.850
1435.290
1479.730
1524.170
1568.610
1613.050
1657.490
1701.930
1746.370
1790.810
1835.250
1879.690
1924.130
1968.570
2013.010
2057.450
2101.890
2146.330
2190.770
2235.210
2279.650
2324.090
2368.530
2412.970
2457.410
2501.850
2546.290
2590.730
2635.170
2679.610
2724.050
2768.490
2812.930
2857.370
2901.810
2946.250
2990.690
3035.130
3079.570
3124.010
3168.450
3212.890
3257.330
3301.770
3346.210
3390.650
3435.090
3479.530
3523.970
3568.410
3612.850
3657.290
3701.730
3746.170
3790.610
3835.050
3879.490
3923.930
3968.370
4012.810
4057.250
4101.690
4146.130
4188.470
4224.510
4254.950
4279.790
4299.030
4312.670
4320.710
4323.150
4324.700
4323.400
4324.950
4323.650
4325.200
4323.900
4322.500
4324.150
4322.750
4324.400
4323.000
4324.650
4323.250
4324.800
4323.500
4325.050
4323.750
4322.350
4324.000
4322.600
4324.250
4322.850
4324.500
4323.100
4324.650
4323.350
4324.900
4323.600
4325.150
4323.850
4322.450
4324.100
4322.700
4324.350
