0.000
0.000
0.000
0.000
0.000
0.000
0.000
0.000
0.000
0.000
0.000
0.000
0.000
0.000
0.000
0.000
576712.500
2883562.500
6728312.500
12110962.500
19031512.500
27489962.500
37486312.500
49020562.500
62092712.500
68856515.000
68856515.000
68856515.000
68856515.000
68856515.000
68856515.000
68856515.000
68856515.000
68856515.000
68856515.000
68856515.000
68856515.000
68856515.000
68856515.000
68856515.000
68856515.000
68856515.000
68856515.000
68856515.000
68856515.000
68856515.000
68856515.000
68856515.000
68856515.000
68856515.000
68856515.000
68856515.000
68856515.000
68856515.000
68856515.000
68856515.000
68856515.000
68856515.000
68856515.000
68856515.000
68856515.000
68856515.000
68856515.000
68856515.000
68856515.000
68856515.000
68856515.000
68856515.000
68856515.000
68856515.000
68856515.000
68856515.000
68856515.000
68856515.000
68856515.000
68856515.000
68856515.000
68856515.000
68856515.000
68856515.000
68856515.000
68856515.000
68856515.000
68856515.000
68856515.000
68856515.000
68856515.000
68856515.000
68856515.000
68856515.000
68856515.000
68856515.000
68856515.000
68856515.000
68856515.000
68856515.000
68856515.000
68856515.000
68856515.000
68856515.000
68856515.000
68856515.000
68856515.000
68856515.000
68856515.000
68856515.000
68856515.000
68856515.000
68856515.000
68856515.000
68856515.000
68856515.000
68856515.000
68856515.000
68856515.000
74585192.500
74585192.500
74585192.500
74585192.500
74585192.500
74585192.500
74585192.500
74585192.500
74585192.500
74585192.500
74585192.500
74585192.500
74585192.500
74585192.500
74585192.500
74585192.500
74585192.500
74585192.500
74585192.500
74585192.500
74585192.500
74585192.500
74585192.500
74585192.500
74585192.500
75161905.000
75161905.000
75738617.500
75738617.500
76315330.000
76315330.000
76892042.500
76892042.500
77468755.000
77468755.000
