0.000
0.000
0.000
0.000
0.000
0.000
0.000
0.000
0.000
0.000
0.000
0.000
0.000
0.000
0.000
0.000
313833.000
1569165.000
3661385.000
6590493.000
10356489.000
14959373.000
20399145.000
26675805.000
33789353.000
41739789.000
50527113.000
60151325.000
70612425.000
76081166.200
76081166.200
76081166.200
76081166.200
76081166.200
76081166.200
76081166.200
76081166.200
76081166.200
76081166.200
80407233.400
80407233.400
80407233.400
80407233.400
80407233.400
80407233.400
80407233.400
80407233.400
80407233.400
80407233.400
80407233.400
80407233.400
80407233.400
80407233.400
80407233.400
80407233.400
80407233.400
80407233.400
80407233.400
80407233.400
80407233.400
80407233.400
80407233.400
84279449.800
88988554.200
94534546.600
100917427.000
108137195.400
116193851.800
125087396.200
134817828.600
145385149.000
150853890.200
150853890.200
150853890.200
150853890.200
150853890.200
150853890.200
150853890.200
150853890.200
150853890.200
150853890.200
150853890.200
150853890.200
150853890.200
150853890.200
150853890.200
150853890.200
150853890.200
150853890.200
150853890.200
150853890.200
150853890.200
150853890.200
151703653.400
151703653.400
151703653.400
151703653.400
151703653.400
151703653.400
151703653.400
151703653.400
151703653.400
151703653.400
151703653.400
151703653.400
151703653.400
151703653.400
151703653.400
152762638.600
155508275.000
159090799.400
163510211.800
168766512.200
174859700.600
181789777.000
189556741.400
198160593.800
207601334.200
217878962.600
228800351.000
228800351.000
228800351.000
228800351.000
228800351.000
228800351.000
228800351.000
228800351.000
228800351.000
228800351.000
228800351.000
228800351.000
228800351.000
228800351.000
228800351.000
228800351.000
228800351.000
231581394.200
231581394.200
231581394.200
231581394.200
231581394.200
231581394.200
231581394.200
231581394.200
231581394.200
231581394.200
231581394.200
231581394.200
231581394.200
231581394.200
